binary
4.32s
Relevant: [1.000 1.000 0.970 1.000 1.000]
Noise: [0.290 0.320 0.480 0.380 0.360 0.390 0.390 0.330 0.290 0.540]

delta
4.16s
Relevant: [0.987 0.750 0.180 0.560 0.602]
Noise: [0.020 0.016 0.037 0.023 0.020 0.026 0.025 0.015 0.019 0.048]

negative
4.01s
Relevant: [1.000 1.000 0.987 1.000 1.000]
Noise: [0.433 0.340 0.527 0.447 0.267 0.480 0.513 0.213 0.293 0.593]

delta_negative
4.55s
Relevant: [0.983 0.778 0.163 0.568 0.583]
Noise: [-0.083 -0.123 -0.009 -0.057 -0.066 -0.082 -0.042 -0.102 -0.123 0.000]

extreme_delta_negative
4.01s
Relevant: [0.993 0.767 0.099 0.538 0.577]
Noise: [-0.679 -0.626 -0.538 -0.605 -0.647 -0.592 -0.617 -0.701 -0.800 -0.437]

